Name : AND2_X1
7 10 2 
2 
0 6 0 0 7 0 0 8 0 0 9 0 0 0 0 0 1 0 0 2 0 0 3 0 
4 6 0 4 7 0 4 8 0 4 9 0 6 0 0 6 1 0 6 2 0 6 3 0 1 4 0 1 5 0 

Name : AND3_X1
9 10 2 
2 
0 6 0 0 7 0 0 8 0 0 9 0 0 0 0 0 1 0 0 2 0 0 3 0 
4 6 0 4 7 0 4 8 0 4 9 0 8 6 0 8 7 0 8 8 0 8 9 0 8 0 0 8 1 0 8 2 0 8 3 0 1 4 0 1 5 0 

Name : AND4_X1
11 10 2 
2 
0 6 0 0 7 0 0 8 0 0 9 0 0 0 0 0 1 0 0 2 0 0 3 0 
4 6 0 4 7 0 4 8 0 4 9 0 8 6 0 8 7 0 8 8 0 8 9 0 10 0 0 10 1 0 10 2 0 10 3 0 1 4 0 1 5 0 

Name : AOI21_X1
7 10 2 
2 
2 6 0 2 7 0 2 8 0 2 9 0 6 6 0 6 7 0 6 8 0 6 9 0 
4 6 0 4 7 0 4 8 0 4 9 0 0 0 0 0 1 0 0 2 0 0 3 0 6 0 0 6 1 0 6 2 0 6 3 0 

Name : AOI22_X1
9 10 2 
2 
0 6 0 0 7 0 0 8 0 0 9 0 4 6 0 4 7 0 4 8 0 4 9 0 8 6 0 8 7 0 8 8 0 8 9 0 
2 6 0 2 7 0 2 8 0 2 9 0 0 0 0 0 1 0 0 2 0 0 3 0 8 0 0 8 1 0 8 2 0 8 3 0 

Name : BUF_X1
5 10 2 
2 
0 6 0 0 7 0 0 8 0 0 9 0 0 0 0 0 1 0 0 2 0 0 3 0 
4 6 0 4 7 0 4 8 0 4 9 0 4 0 0 4 1 0 4 2 0 4 3 0 1 4 0 1 5 0 

Name : CLKBUF_X1
5 10 2 
2 
0 6 0 0 7 0 0 8 0 0 9 0 0 0 0 0 1 0 0 2 0 0 3 0 
4 6 0 4 7 0 4 8 0 4 9 0 4 0 0 4 1 0 4 2 0 4 3 0 1 4 0 1 5 0 

Name : FA_X1
31 10 2 
8 
0 6 0 0 7 0 0 8 0 0 9 0 0 0 0 0 1 0 0 2 0 0 3 0 
4 6 0 4 7 0 4 8 0 4 9 0 4 0 0 4 1 0 4 2 0 4 3 0 
6 6 0 6 7 0 6 8 0 6 9 0 14 6 0 14 7 0 14 8 0 14 9 0 
8 6 0 8 7 0 8 8 0 8 9 0 8 0 0 8 1 0 8 2 0 8 3 0 3 4 0 3 5 0 23 4 0 23 5 0 
18 6 0 18 7 0 18 8 0 18 9 0 22 6 0 22 7 0 22 8 0 22 9 0 
24 6 0 24 7 0 24 8 0 24 9 0 24 0 0 24 1 0 24 2 0 24 3 0 1 4 0 1 5 0 
6 0 0 6 1 0 6 2 0 6 3 0 14 0 0 14 1 0 14 2 0 14 3 0 
18 0 0 18 1 0 18 2 0 18 3 0 22 0 0 22 1 0 22 2 0 22 3 0 

Name : HA_X1
17 10 2 
5 
0 6 0 0 7 0 0 8 0 0 9 0 0 0 0 0 1 0 0 2 0 0 3 0 
4 6 0 4 7 0 4 8 0 4 9 0 6 0 0 6 1 0 6 2 0 6 3 0 13 4 0 13 5 0 15 4 0 15 5 0 
12 6 0 12 7 0 12 8 0 12 9 0 10 0 0 10 1 0 10 2 0 10 3 0 1 4 0 1 5 0 
16 6 0 16 7 0 16 8 0 16 9 0 16 0 0 16 1 0 16 2 0 16 3 0 
8 0 0 8 1 0 8 2 0 8 3 0 12 0 0 12 1 0 12 2 0 12 3 0 

Name : INV_X1
3 10 2 
1 
2 6 0 2 7 0 2 8 0 2 9 0 2 0 0 2 1 0 2 2 0 2 3 0 

Name : NAND2_X1
5 10 2 
1 
2 6 0 2 7 0 2 8 0 2 9 0 0 0 0 0 1 0 0 2 0 0 3 0 

Name : NAND3_X1
7 10 2 
1 
0 6 0 0 7 0 0 8 0 0 9 0 4 6 0 4 7 0 4 8 0 4 9 0 0 0 0 0 1 0 0 2 0 0 3 0 

Name : NAND4_X1
9 10 2 
1 
2 6 0 2 7 0 2 8 0 2 9 0 6 6 0 6 7 0 6 8 0 6 9 0 0 0 0 0 1 0 0 2 0 0 3 0 

Name : NOR2_X1
5 10 2 
1 
0 6 0 0 7 0 0 8 0 0 9 0 0 0 0 0 1 0 0 2 0 0 3 0 4 0 0 4 1 0 4 2 0 4 3 0 

Name : NOR3_X1
7 10 2 
1 
0 6 0 0 7 0 0 8 0 0 9 0 0 0 0 0 1 0 0 2 0 0 3 0 4 0 0 4 1 0 4 2 0 4 3 0 

Name : NOR4_X1
9 10 2 
1 
0 6 0 0 7 0 0 8 0 0 9 0 0 0 0 0 1 0 0 2 0 0 3 0 4 0 0 4 1 0 4 2 0 4 3 0 8 0 0 8 1 0 8 2 0 8 3 0 

Name : OAI21_X1
7 10 2 
2 
4 6 0 4 7 0 4 8 0 4 9 0 2 0 0 2 1 0 2 2 0 2 3 0 
0 0 0 0 1 0 0 2 0 0 3 0 4 0 0 4 1 0 4 2 0 4 3 0 

Name : OAI22_X1
9 10 2 
2 
4 6 0 4 7 0 4 8 0 4 9 0 6 0 0 6 1 0 6 2 0 6 3 0 
0 0 0 0 1 0 0 2 0 0 3 0 4 0 0 4 1 0 4 2 0 4 3 0 8 0 0 8 1 0 8 2 0 8 3 0 

Name : OR2_X1
7 10 2 
2 
0 6 0 0 7 0 0 8 0 0 9 0 0 0 0 0 1 0 0 2 0 0 3 0 
6 6 0 6 7 0 6 8 0 6 9 0 4 0 0 4 1 0 4 2 0 4 3 0 1 4 0 1 5 0 

Name : OR3_X1
9 10 2 
2 
0 6 0 0 7 0 0 8 0 0 9 0 0 0 0 0 1 0 0 2 0 0 3 0 
8 6 0 8 7 0 8 8 0 8 9 0 4 0 0 4 1 0 4 2 0 4 3 0 8 0 0 8 1 0 8 2 0 8 3 0 1 4 0 1 5 0 

Name : OR4_X1
11 10 2 
2 
0 6 0 0 7 0 0 8 0 0 9 0 0 0 0 0 1 0 0 2 0 0 3 0 
10 6 0 10 7 0 10 8 0 10 9 0 4 0 0 4 1 0 4 2 0 4 3 0 8 0 0 8 1 0 8 2 0 8 3 0 1 4 0 1 5 0 

Name : XNOR2_X1
15 10 2 
4 
0 6 0 0 7 0 0 8 0 0 9 0 0 0 0 0 1 0 0 2 0 0 3 0 
6 6 0 6 7 0 6 8 0 6 9 0 12 0 0 12 1 0 12 2 0 12 3 0 9 4 0 9 5 0 
10 6 0 10 7 0 10 8 0 10 9 0 14 6 0 14 7 0 14 8 0 14 9 0 
12 6 0 12 7 0 12 8 0 12 9 0 6 0 0 6 1 0 6 2 0 6 3 0 8 0 0 8 1 0 8 2 0 8 3 0 1 4 0 1 5 0 

Name : XOR2_X1
11 10 2 
3 
0 6 0 0 7 0 0 8 0 0 9 0 4 6 0 4 7 0 4 8 0 4 9 0 
2 6 0 2 7 0 2 8 0 2 9 0 4 0 0 4 1 0 4 2 0 4 3 0 
10 6 0 10 7 0 10 8 0 10 9 0 8 0 0 8 1 0 8 2 0 8 3 0 5 4 0 5 5 0 

