name : AND2_X1
[(0, 7, 0), (0, 6, 0), (0, 5, 0), (0, 4, 0), (0, 3, 0), (0, 2, 0)],
[(4, 6, 0), (4, 5, 0), (3, 5, 0), (2, 5, 0), (1, 5, 0), (6, 0, 0), (5, 0, 0), (4, 0, 0), (4, 1, 0), (4, 2, 0), (4, 3, 0), (4, 4, 0)]

name : AND3_X1
[(0, 7, 0), (0, 6, 0), (0, 5, 0), (0, 4, 0), (0, 3, 0), (0, 2, 0), (0, 1, 0), (0, 0, 0)],
[(4, 6, 0), (4, 5, 0), (4, 4, 0), (3, 4, 0), (2, 4, 0), (1, 4, 0), (8, 2, 0), (8, 3, 0), (8, 4, 0), (8, 5, 0), (8, 6, 0), (7, 6, 0), (6, 6, 0), (5, 6, 0), (8, 7, 0)]

name : AND4_X1
[(0, 6, 0), (0, 5, 0), (0, 4, 0), (0, 3, 0)],
[(4, 7, 0), (4, 6, 0), (4, 5, 0), (4, 4, 0), (3, 4, 0), (2, 4, 0), (1, 4, 0), (8, 6, 0), (7, 6, 0), (6, 6, 0), (5, 6, 0), (10, 1, 0), (10, 2, 0), (10, 3, 0), (10, 4, 0), (10, 5, 0), (10, 6, 0), (9, 6, 0)]

name : AOI21_X1
[(6, 8, 0), (5, 8, 0), (4, 8, 0), (3, 8, 0), (2, 8, 0)],
[(4, 7, 0), (4, 6, 0), (4, 5, 0), (4, 4, 0), (4, 3, 0), (4, 2, 0), (3, 2, 0), (2, 2, 0), (1, 2, 0), (0, 2, 0), (6, 2, 0), (5, 2, 0)]

name : AOI22_X1
[(4, 6, 0), (4, 7, 0), (3, 7, 0), (2, 7, 0), (1, 7, 0), (1, 6, 0), (0, 6, 0), (8, 9, 0), (7, 9, 0), (6, 9, 0), (5, 9, 0), (4, 9, 0), (4, 8, 0)],
[(2, 6, 0), (2, 5, 0), (2, 4, 0), (2, 3, 0), (2, 2, 0), (2, 1, 0), (1, 1, 0), (0, 1, 0), (8, 1, 0), (7, 1, 0), (6, 1, 0), (5, 1, 0), (4, 1, 0), (3, 1, 0)]

name : BUF_X1
[(0, 7, 0), (0, 6, 0), (0, 5, 0), (0, 4, 0), (0, 3, 0), (0, 2, 0)],
[(4, 2, 0), (4, 3, 0), (4, 4, 0), (3, 4, 0), (2, 4, 0), (1, 4, 0), (4, 7, 0), (4, 6, 0), (4, 5, 0)]

name : CLKBUF_X1
[(0, 8, 0), (0, 7, 0), (0, 6, 0), (0, 5, 0), (0, 4, 0), (0, 3, 0), (0, 2, 0)],
[(4, 2, 0), (4, 3, 0), (4, 4, 0), (3, 4, 0), (2, 4, 0), (1, 4, 0), (4, 7, 0), (4, 6, 0), (4, 5, 0)]

name : FA_X1
[(0, 6, 0), (0, 5, 0), (0, 4, 0), (0, 3, 0)],
[(4, 6, 0), (4, 5, 0), (4, 4, 0), (4, 3, 0), (4, 2, 0), (4, 1, 0), (4, 0, 0)],
[(14, 8, 0), (13, 8, 0), (12, 8, 0), (11, 8, 0), (10, 8, 0), (9, 8, 0), (8, 8, 0), (7, 8, 0), (6, 8, 0)],
[(8, 0, 0), (8, 1, 0), (8, 2, 0), (8, 3, 0), (8, 4, 0), (8, 5, 0), (8, 6, 0), (8, 7, 0), (7, 7, 0), (6, 7, 0), (5, 7, 0), (4, 7, 0), (3, 7, 0), (2, 7, 0), (2, 6, 0), (2, 5, 0), (2, 4, 0), (3, 4, 0), (23, 5, 0), (22, 5, 0), (21, 5, 0), (20, 5, 0), (19, 5, 0), (18, 5, 0), (17, 5, 0), (16, 5, 0), (15, 5, 0), (14, 5, 0), (13, 5, 0), (12, 5, 0), (11, 5, 0), (10, 5, 0), (9, 5, 0)],
[(22, 7, 0), (21, 7, 0), (20, 7, 0), (19, 7, 0), (18, 7, 0), (18, 8, 0)],
[(24, 2, 0), (24, 3, 0), (24, 4, 0), (23, 4, 0), (22, 4, 0), (21, 4, 0), (20, 4, 0), (19, 4, 0), (18, 4, 0), (17, 4, 0), (16, 4, 0), (15, 4, 0), (14, 4, 0), (13, 4, 0), (12, 4, 0), (11, 4, 0), (10, 4, 0), (10, 4, 1), (9, 4, 1), (8, 4, 1), (7, 4, 1), (6, 4, 1), (5, 4, 1), (4, 4, 1), (3, 4, 1), (2, 4, 1), (1, 4, 1), (1, 4, 0), (24, 8, 0), (24, 7, 0), (24, 6, 0), (25, 6, 0), (25, 5, 0), (25, 4, 0)],
[(14, 2, 0), (13, 2, 0), (12, 2, 0), (11, 2, 0), (10, 2, 0), (10, 2, 1), (9, 2, 1), (8, 2, 1), (7, 2, 1), (6, 2, 1), (6, 2, 0)],
[(22, 3, 0), (21, 3, 0), (20, 3, 0), (19, 3, 0), (18, 3, 0), (18, 2, 0), (18, 1, 0), (18, 0, 0)]

name : HA_X1
[(16, 6, 0), (16, 5, 0), (16, 4, 0), (16, 3, 0), (16, 2, 0)],
[(12, 0, 0), (11, 0, 0), (11, 1, 0), (10, 1, 0), (9, 1, 0), (8, 1, 0)],
[(0, 7, 0), (0, 6, 0), (0, 5, 0), (0, 4, 0), (0, 3, 0), (0, 2, 0), (0, 1, 0), (0, 0, 0)],
[(6, 2, 0), (6, 3, 0), (6, 4, 0), (6, 5, 0), (6, 6, 0), (6, 7, 0), (6, 8, 0), (5, 8, 0), (4, 8, 0), (13, 4, 0), (12, 4, 0), (11, 4, 0), (10, 4, 0), (9, 4, 0), (8, 4, 0), (7, 4, 0), (15, 5, 0), (14, 5, 0), (14, 4, 0)],
[(10, 0, 0), (9, 0, 0), (8, 0, 0), (7, 0, 0), (6, 0, 0), (6, 1, 0), (5, 1, 0), (4, 1, 0), (4, 2, 0), (4, 3, 0), (4, 4, 0), (3, 4, 0), (2, 4, 0), (1, 4, 0), (12, 8, 0), (12, 9, 0), (11, 9, 0), (10, 9, 0), (9, 9, 0), (8, 9, 0), (7, 9, 0), (6, 9, 0), (5, 9, 0), (4, 9, 0), (3, 9, 0), (2, 9, 0), (2, 8, 0), (2, 7, 0), (3, 7, 0), (4, 7, 0), (4, 6, 0), (4, 5, 0)]

name : INV_X1
[(2, 7, 0), (2, 6, 0), (2, 5, 0), (2, 4, 0), (2, 3, 0), (2, 2, 0), (2, 1, 0)]

name : NAND2_X1
[(2, 6, 0), (1, 6, 0), (0, 6, 0), (0, 5, 0), (0, 4, 0), (0, 3, 0), (0, 2, 0), (0, 1, 0)]

name : NAND3_X1
[(0, 8, 0), (0, 7, 0), (0, 6, 0), (0, 5, 0), (0, 4, 0), (0, 3, 0), (0, 2, 0), (0, 1, 0), (0, 0, 0), (4, 8, 0), (3, 8, 0), (2, 8, 0), (1, 8, 0)]

name : NAND4_X1
[(2, 6, 0), (2, 5, 0), (2, 4, 0), (2, 3, 0), (2, 2, 0), (2, 1, 0), (1, 1, 0), (0, 1, 0), (6, 7, 0), (6, 6, 0), (5, 6, 0), (4, 6, 0), (3, 6, 0)]

name : NOR2_X1
[(0, 6, 0), (0, 5, 0), (0, 4, 0), (0, 3, 0), (0, 2, 0), (4, 0, 0), (3, 0, 0), (2, 0, 0), (1, 0, 0), (0, 0, 0), (0, 1, 0)]

name : NOR3_X1
[(0, 6, 0), (0, 5, 0), (0, 4, 0), (0, 3, 0), (0, 2, 0), (0, 1, 0), (0, 0, 0), (4, 1, 0), (3, 1, 0), (2, 1, 0), (1, 1, 0)]

name : NOR4_X1
[(0, 8, 0), (0, 7, 0), (0, 6, 0), (0, 5, 0), (0, 4, 0), (0, 3, 0), (0, 2, 0), (0, 1, 0), (4, 2, 0), (3, 2, 0), (2, 2, 0), (1, 2, 0), (8, 3, 0), (8, 2, 0), (7, 2, 0), (6, 2, 0), (5, 2, 0)]

name : OAI21_X1
[(4, 6, 0), (3, 6, 0), (2, 6, 0), (2, 5, 0), (2, 4, 0), (2, 3, 0), (2, 2, 0)],
[(4, 2, 0), (4, 1, 0), (3, 1, 0), (2, 1, 0), (1, 1, 0), (0, 1, 0), (0, 0, 0)]

name : OAI22_X1
[(6, 3, 0), (5, 3, 0), (4, 3, 0), (4, 4, 0), (4, 5, 0), (4, 6, 0), (4, 7, 0)],
[(4, 1, 0), (4, 0, 0), (3, 0, 0), (2, 0, 0), (1, 0, 0), (0, 0, 0), (8, 0, 0), (7, 0, 0), (6, 0, 0), (5, 0, 0)]

name : OR2_X1
[(0, 8, 0), (0, 7, 0), (0, 6, 0), (0, 5, 0), (0, 4, 0), (0, 3, 0)],
[(4, 2, 0), (4, 3, 0), (4, 4, 0), (4, 5, 0), (3, 5, 0), (2, 5, 0), (1, 5, 0), (6, 7, 0), (5, 7, 0), (4, 7, 0), (4, 6, 0)]

name : OR3_X1
[(0, 7, 0), (0, 6, 0), (0, 5, 0), (0, 4, 0), (0, 3, 0)],
[(4, 1, 0), (4, 2, 0), (4, 3, 0), (4, 4, 0), (3, 4, 0), (2, 4, 0), (1, 4, 0), (8, 2, 0), (7, 2, 0), (6, 2, 0), (5, 2, 0), (8, 6, 0), (8, 5, 0), (8, 4, 0), (8, 3, 0)]

name : OR4_X1
[(0, 6, 0), (0, 5, 0), (0, 4, 0), (0, 3, 0), (0, 2, 0), (0, 1, 0), (0, 0, 0)],
[(4, 2, 0), (4, 3, 0), (4, 4, 0), (3, 4, 0), (2, 4, 0), (1, 4, 0), (8, 1, 0), (8, 2, 0), (7, 2, 0), (6, 2, 0), (5, 2, 0), (10, 8, 0), (9, 8, 0), (8, 8, 0), (8, 7, 0), (8, 6, 0), (8, 5, 0), (8, 4, 0), (8, 3, 0)]

name : XNOR2_X1
[(0, 7, 0), (0, 6, 0), (0, 5, 0), (0, 4, 0), (0, 3, 0), (0, 2, 0)],
[(9, 4, 0), (9, 5, 0), (9, 6, 0), (8, 6, 0), (7, 6, 0), (6, 6, 0), (12, 2, 0), (12, 3, 0), (12, 4, 0), (11, 4, 0), (10, 4, 0)],
[(14, 7, 0), (13, 7, 0), (13, 6, 0), (12, 6, 0), (11, 6, 0), (10, 6, 0)],
[(6, 1, 0), (6, 2, 0), (6, 3, 0), (6, 4, 0), (6, 5, 0), (5, 5, 0), (4, 5, 0), (3, 5, 0), (2, 5, 0), (1, 5, 0), (8, 2, 0), (7, 2, 0), (12, 7, 0), (11, 7, 0), (10, 7, 0), (9, 7, 0), (8, 7, 0), (7, 7, 0), (6, 7, 0), (5, 7, 0), (4, 7, 0), (4, 6, 0), (7, 5, 0), (7, 4, 0), (7, 3, 0), (8, 3, 0)]

name : XOR2_X1
[(4, 9, 0), (3, 9, 0), (2, 9, 0), (1, 9, 0), (0, 9, 0), (0, 8, 0), (0, 7, 0)],
[(4, 1, 0), (3, 1, 0), (2, 1, 0), (2, 2, 0), (2, 3, 0), (2, 4, 0), (2, 5, 0), (2, 6, 0)],
[(8, 1, 0), (8, 2, 0), (8, 3, 0), (8, 4, 0), (7, 4, 0), (6, 4, 0), (5, 4, 0), (10, 7, 0), (9, 7, 0), (8, 7, 0), (8, 6, 0), (8, 5, 0)]

