Name : AND2_X1
7 4 3 
2 
0 0 0 0 3 0 0 0 0 0 1 0 0 2 0 0 3 0 
4 0 0 4 3 0 6 0 0 6 1 0 6 2 0 6 3 0 1 0 0 1 1 0 1 2 0 1 3 0 

Name : AND3_X1
9 4 3 
2 
0 0 0 0 3 0 0 0 0 0 1 0 0 2 0 0 3 0 
4 0 0 4 3 0 8 0 0 8 3 0 8 0 0 8 1 0 8 2 0 8 3 0 1 0 0 1 1 0 1 2 0 1 3 0 

Name : AND4_X1
11 4 3 
2 
0 0 0 0 3 0 0 0 0 0 1 0 0 2 0 0 3 0 
4 0 0 4 3 0 8 0 0 8 3 0 10 0 0 10 1 0 10 2 0 10 3 0 1 0 0 1 1 0 1 2 0 1 3 0 

Name : AOI21_X1
7 4 3 
2 
2 0 0 2 3 0 6 0 0 6 3 0 
4 0 0 4 3 0 0 0 0 0 1 0 0 2 0 0 3 0 6 0 0 6 1 0 6 2 0 6 3 0 

Name : AOI22_X1
9 4 3 
2 
0 0 0 0 3 0 4 0 0 4 3 0 8 0 0 8 3 0 
2 0 0 2 3 0 0 0 0 0 1 0 0 2 0 0 3 0 8 0 0 8 1 0 8 2 0 8 3 0 

Name : BUF_X1
5 4 3 
2 
0 0 0 0 3 0 0 0 0 0 1 0 0 2 0 0 3 0 
4 0 0 4 3 0 4 0 0 4 1 0 4 2 0 4 3 0 1 0 0 1 1 0 1 2 0 1 3 0 

Name : CLKBUF_X1
5 4 3 
2 
0 0 0 0 3 0 0 0 0 0 1 0 0 2 0 0 3 0 
4 0 0 4 3 0 4 0 0 4 1 0 4 2 0 4 3 0 1 0 0 1 1 0 1 2 0 1 3 0 

Name : FA_X1
31 4 3 
8 
0 0 0 0 3 0 0 0 0 0 1 0 0 2 0 0 3 0 
4 0 0 4 3 0 4 0 0 4 1 0 4 2 0 4 3 0 
6 0 0 6 3 0 14 0 0 14 3 0 
8 0 0 8 3 0 8 0 0 8 1 0 8 2 0 8 3 0 3 0 0 3 1 0 3 2 0 3 3 0 23 0 0 23 1 0 23 2 0 23 3 0 
18 0 0 18 3 0 22 0 0 22 3 0 
24 0 0 24 3 0 24 0 0 24 1 0 24 2 0 24 3 0 1 0 0 1 1 0 1 2 0 1 3 0 
6 0 0 6 1 0 6 2 0 6 3 0 14 0 0 14 1 0 14 2 0 14 3 0 
18 0 0 18 1 0 18 2 0 18 3 0 22 0 0 22 1 0 22 2 0 22 3 0 

Name : HA_X1
17 4 3 
5 
0 0 0 0 3 0 0 0 0 0 1 0 0 2 0 0 3 0 
4 0 0 4 3 0 6 0 0 6 1 0 6 2 0 6 3 0 13 0 0 13 1 0 13 2 0 13 3 0 15 0 0 15 1 0 15 2 0 15 3 0 
12 0 0 12 3 0 10 0 0 10 1 0 10 2 0 10 3 0 1 0 0 1 1 0 1 2 0 1 3 0 
16 0 0 16 3 0 16 0 0 16 1 0 16 2 0 16 3 0 
8 0 0 8 1 0 8 2 0 8 3 0 12 0 0 12 1 0 12 2 0 12 3 0 

Name : INV_X1
3 4 3 
1 
2 0 0 2 3 0 2 0 0 2 1 0 2 2 0 2 3 0 

Name : NAND2_X1
5 4 3 
1 
2 0 0 2 3 0 0 0 0 0 1 0 0 2 0 0 3 0 

Name : NAND3_X1
7 4 3 
1 
0 0 0 0 3 0 4 0 0 4 3 0 0 0 0 0 1 0 0 2 0 0 3 0 

Name : NAND4_X1
9 4 3 
1 
2 0 0 2 3 0 6 0 0 6 3 0 0 0 0 0 1 0 0 2 0 0 3 0 

Name : NOR2_X1
5 4 3 
1 
0 0 0 0 3 0 0 0 0 0 1 0 0 2 0 0 3 0 4 0 0 4 1 0 4 2 0 4 3 0 

Name : NOR3_X1
7 4 3 
1 
0 0 0 0 3 0 0 0 0 0 1 0 0 2 0 0 3 0 4 0 0 4 1 0 4 2 0 4 3 0 

Name : NOR4_X1
9 4 3 
1 
0 0 0 0 3 0 0 0 0 0 1 0 0 2 0 0 3 0 4 0 0 4 1 0 4 2 0 4 3 0 8 0 0 8 1 0 8 2 0 8 3 0 

Name : OAI21_X1
7 4 3 
2 
4 0 0 4 3 0 2 0 0 2 1 0 2 2 0 2 3 0 
0 0 0 0 1 0 0 2 0 0 3 0 4 0 0 4 1 0 4 2 0 4 3 0 

Name : OAI22_X1
9 4 3 
2 
4 0 0 4 3 0 6 0 0 6 1 0 6 2 0 6 3 0 
0 0 0 0 1 0 0 2 0 0 3 0 4 0 0 4 1 0 4 2 0 4 3 0 8 0 0 8 1 0 8 2 0 8 3 0 

Name : OR2_X1
7 4 3 
2 
0 0 0 0 3 0 0 0 0 0 1 0 0 2 0 0 3 0 
6 0 0 6 3 0 4 0 0 4 1 0 4 2 0 4 3 0 1 0 0 1 1 0 1 2 0 1 3 0 

Name : OR3_X1
9 4 3 
2 
0 0 0 0 3 0 0 0 0 0 1 0 0 2 0 0 3 0 
8 0 0 8 3 0 4 0 0 4 1 0 4 2 0 4 3 0 8 0 0 8 1 0 8 2 0 8 3 0 1 0 0 1 1 0 1 2 0 1 3 0 

Name : OR4_X1
11 4 3 
2 
0 0 0 0 3 0 0 0 0 0 1 0 0 2 0 0 3 0 
10 0 0 10 3 0 4 0 0 4 1 0 4 2 0 4 3 0 8 0 0 8 1 0 8 2 0 8 3 0 1 0 0 1 1 0 1 2 0 1 3 0 

Name : XNOR2_X1
15 4 3 
4 
0 0 0 0 3 0 0 0 0 0 1 0 0 2 0 0 3 0 
6 0 0 6 3 0 12 0 0 12 1 0 12 2 0 12 3 0 9 0 0 9 1 0 9 2 0 9 3 0 
10 0 0 10 3 0 14 0 0 14 3 0 
12 0 0 12 3 0 6 0 0 6 1 0 6 2 0 6 3 0 8 0 0 8 1 0 8 2 0 8 3 0 1 0 0 1 1 0 1 2 0 1 3 0 

Name : XOR2_X1
11 4 3 
3 
0 0 0 0 3 0 4 0 0 4 3 0 
2 0 0 2 3 0 4 0 0 4 1 0 4 2 0 4 3 0 
10 0 0 10 3 0 8 0 0 8 1 0 8 2 0 8 3 0 5 0 0 5 1 0 5 2 0 5 3 0 

